-4034.3
-139.89999999999998
678.0
-397.5
-412.6
-873.0999999999999
-7985.5
-3552.8
4603.2
-3368.6
3308.6
1218.8999999999999
1125.0
-123.70000000000002
-4029.2
1995.1
1480.4
-7463.099999999999
17325.9
5830.4
-2757.2999999999997
-427.4
4441.099999999999
-112.90000000000003
-3530.4
551.4
-2754.7
18551.5
-311.79999999999995
-812.9
295.0
4269.9000000000015
-2630.7
-5156.6
-2075.3999999999996
4513.099999999999
-3424.8999999999996
739.9
-0.7999999999999972
2312.5
1835.2
-285.1999999999999
-478.20000000000005
-1572.5
4912.1
674.4
-2565.899999999999
421.4
790.5999999999998
4769.099999999999
-1860.4
2631.4
-14897.3
1370.8999999999999
-4149.7
19125.0
2389.8999999999996
1737.4000000000003
-1619.7000000000003
-3037.7999999999997
896.1999999999999
14.099999999999966
1881.1999999999998
127.2
3484.1
-1315.0
1114.7
641.8000000000001
4586.6
3414.0000000000005
-1815.8
356.2
8440.8
1509.7
-1628.8999999999999
-709.7
1738.3999999999999
-3131.9
-562.0
-1339.4999999999998
7965.299999999999
1370.6
-1969.6999999999998
2389.7999999999997
18736.5
-8424.900000000001
803.6999999999999
-146.2
-3079.2999999999997
-2775.3999999999996
-665.0999999999999
829.4999999999999
-50982.1
7365.400000000001
753.5999999999998
21085.9
614.8999999999999
-16997.8
-1555.5
-14346.799999999996
-4577.6
-326.8999999999999
-809.5
-778.5999999999999
-3475.7999999999997
643.3000000000001
-2164.7
-56962.80000000001
-2644.5
527.6999999999999
6236.0
1374.7000000000003
-6329.800000000001
2122.6000000000004
4461.099999999999
7309.1
5729.099999999999
21.0
-2259.5
9508.7
-335.7999999999999
-2629.1000000000004
492.99999999999994
-2599.8999999999996
3347.2
747.4
846.4
-557.0
557.5
18925.7
-14141.7
4273.1
1788.6999999999998
1759.4000000000003
-725.0
-245.30000000000013
93.3999999999999
-633.7
-2697.8999999999996
4584.0999999999985
1747.9
3103.7000000000003
4705.099999999999
-922.1000000000004
-2312.7
-1061.3999999999999
1373.0000000000002
1514.1000000000001
1300.5
-107.40000000000003
1026.9999999999998
-956.4
-5451.2
3239.9
-1771.1000000000001
819.3000000000001
-2467.2000000000003
5508.900000000001
-6806.900000000001
-4953.3
-21.100000000000037
-66.50000000000003
-4889.500000000001
2509.1000000000004
48.49999999999997
29.099999999999874
-4932.400000000001
1056.1999999999998
-2736.8
-1043.6
1324.1000000000001
-3021.7999999999993
-1044.2
676.1000000000001
-6529.8
596.4000000000001
778.2999999999997
-2814.9999999999995
-6563.9
2511.5
-2215.2
-4185.5
-2654.1
-1148.6
-863.5000000000001
-3836.5999999999995
-701.8000000000001
-397.0999999999999
-1372.4
-2574.6
-53902.90000000001
5528.7
859.2
1055.4
3283.2999999999997
-1155.7
-409.0999999999999
925.6999999999999
-270.59999999999997
287.3999999999999
3501.499999999999
-7068.7
-1853.8999999999999
-14665.5
-4258.3
-2848.2000000000003
-3839.6000000000004
-298.2
7260.1
865.4
-266.70000000000005
4790.099999999999
126.29999999999993
-3845.5999999999995
984.9999999999999
406.90000000000003
-3059.7999999999997
-3042.7
-9002.1
-1112.4999999999998
-7663.000000000001
2192.2999999999997
-6248.9
-2992.7999999999997
906.4
2359.4
1552.6000000000001
-1385.4
494.50000000000006
-8102.1
-664.0
568.4
2622.9999999999995
-742.9
110.90000000000003
-1840.1
-100.39999999999998
5767.099999999999
-3.7000000000000455
-6728.2
5578.0
-3878.8
-294.0
-1568.2
-1060.9
7353.099999999999
2139.3999999999996
674.3
-65537.5
-447.8
2082.0000000000005
607.4999999999999
-1724.6
536.3
5129.4
-2489.3
-57.49999999999996
-4440.6
885.7
-591.1
332.59999999999997
1882.8
-5647.6
970.5999999999999
5165.999999999999
-2791.8
-2146.2
-882.8000000000001
-1062.6999999999998
-604.6000000000001
-2535.4
-3482.400000000001
-6021.400000000001
-4627.6
-1941.7
-4403.700000000001
614.4
-214.20000000000005
704.5
-2467.7
-3130.9
-2739.7999999999997
-4052.1
-3743.6
-3693.0
-59.300000000000026
-867.0999999999999
708.3999999999999
-6584.500000000001
-83933.7
-503.1
4758.2
-1875.3
-2324.2999999999997
1461.1
317.7
-1607.1999999999998
479.09999999999997
5943.099999999999
-1113.6
-2780.8999999999996
-3557.5000000000005
2426.8999999999996
-811.2
2139.1
-51026.3
-1012.9000000000001
219.70000000000005
-11922.400000000001
-2553.9
-13201.4
-4637.1
-43720.3
-5505.0
4678.999999999999
2003.3000000000002
-4657.3
-3495.5
-12819.499999999998
-2120.2
1515.7000000000003
1214.3999999999999
-698.0999999999999
4654.099999999999
-18428.200000000004
-6269.0
-3187.2
-1253.2
-2753.0
-135.20000000000002
-3572.7
-9923.5
3627.7
-467.9
1366.3000000000002
-176.99999999999994
4945.099999999999
-5770.3
-800.4000000000001
-102.30000000000001
-3574.3
-5059.5
433.2
-5160.1
2599.2999999999997
450.5
846.5
-6177.6
1895.3999999999999
-7829.599999999999
2108.7
-194.9000000000001
1058.1
-643.5
5906.0
-989.3
2482.6
-5795.999999999999
2545.1
-2406.8
6424.699999999999
-331.49999999999994
-2906.3999999999996
-4020.2
-2191.0
-79.00000000000007
-3676.2999999999993
-5277.099999999999
196.5
-3036.0999999999995
818.3999999999997
-4712.799999999999
-3799.4000000000005
-1322.0
974.9
2349.3
863.1
2048.3
-5104.799999999999
-7297.099999999999
1528.1999999999998
192.0
3893.0999999999995
-870.6999999999998
-2739.4000000000005
-7122.099999999999
-315.5999999999999
-4475.0
2136.2
-1796.3
-695.2
-5526.7
2300.4
3142.8999999999996
-3522.1
1865.2
-6616.9
-196.10000000000002
2933.2999999999997
-5501.1
4157.299999999999
857.3999999999999
2497.2999999999997
-1356.6
-3993.8
2982.3999999999996
-1531.8
-4844.4
-4436.799999999999
1316.4
1125.0
4999.799999999999
-5039.099999999999
613.8999999999999
-684.3000000000001
-1279.5
4662.799999999999
-6565.7
1595.2
549.0999999999999
-4359.099999999999
1935.8999999999999
479.5
921.9
5663.0999999999985
-2324.6
3900.5999999999995
739.8999999999999
-825.8
2290.1
-2402.5
-775.7
354.1
5198.099999999999
-3431.2
-6226.4
3036.5
490.4
4847.899999999999
-3125.7000000000003
-6013.499999999999
-2420.5
-2513.0999999999995
866.2
-3495.4
-8032.800000000001
-2032.1000000000004
-3153.0999999999995
1665.5
-3961.7
5416.4
2373.6999999999994
797.0
-1833.3
-4716.7
-2969.7
1471.3
-45.89999999999998
294.4
-1174.8
-1450.9
-1700.0999999999997
282.7
-1239.6999999999998
-242.29999999999995
-6769.0
-5074.4
-121.1
-2886.8999999999996
-995.0999999999999
-9291.400000000001
-531.4000000000001
-56138.40000000001
-4298.1
5770.299999999999
-7271.0
18431.000000000004
-1716.9999999999998
-12398.099999999999
-34619.3
-2785.4
-899.0
4182.0
-3119.6000000000004
-16043.199999999999
-8013.7
195.09999999999997
1821.4
1830.1000000000001
-3137.2
4394.9
-7699.500000000001
-2236.2000000000003
-3918.6
-2968.4
-8357.4
596.3999999999999
-3880.3999999999996
-1780.5
315.49999999999994
-3369.3999999999996
-180.3
-8988.099999999999
-3752.2
-4820.599999999999
-822.3000000000001
-3017.1000000000004
-2625.4
-1666.5
-416.19999999999993
-2274.0
5990.3
256.7
-3255.5
125.79999999999993
-253.7
7479.4
-138.09999999999997
2509.2999999999997
-1156.3999999999999
-1289.1000000000001
-1211.0
666.5999999999999
553.6999999999998
-4214.2
5843.700000000001
-2436.0
-960.9000000000001
-3708.5
3648.899999999999
2767.2000000000003
-2786.4
-1219.3
6043.100000000001
-118.30000000000004
5806.0
-30328.1
5089.099999999999
3716.0999999999995
-10259.8
621.6999999999999
-4669.8
-3966.3999999999996
1125.6
-1420.6000000000001
2966.1000000000004
3164.7999999999997
-128.79999999999998
-3388.7000000000003
1007.6999999999998
1187.6999999999998
-2197.7
-2819.4
427.4
-633.6
512.4
1841.3000000000002
926.1
-1.0
519.6999999999999
2162.9000000000005
711.4999999999999
-2605.2
-1119.0000000000002
-13266.999999999998
-75.10000000000002
-791.1999999999999
5250.9
-880.8000000000001
-2572.5000000000005
4772.799999999999
1280.8
-2248.4000000000005
5551.2
-1255.5
-1466.0
-3191.1
670.6999999999998
2233.6
783.1
5261.4
-38260.8
-5767.300000000001
-368.3
-480.79999999999995
-1.0
1347.8
-1008.1
371.19999999999993
-2597.6
-4682.8
-2037.2
-1320.1999999999998
4118.099999999999
4646.5
-1104.0
-900.4000000000001
-4502.9
-414.8999999999999
3585.1
-1771.3
-10520.7
4362.799999999999
-6952.900000000001
-103.0
-395.9
-641.7
-7124.2
-2463.3
-1296.3
53.60000000000001
-121.1
-5664.1
3530.5
-1811.4
-3550.6
-2811.3999999999996
-485.3999999999999
5877.4
-4901.300000000001
-4435.400000000001
-8407.900000000001
351.29999999999995
-1126.7
4455.599999999999
-7670.5
-2753.7000000000003
-2073.5000000000005
-3821.1
-7930.3
8580.0
3751.4999999999995
-2330.9
-197.89999999999998
13.599999999999966
-46343.6
-7194.9
-1607.4
-2065.2
-512.3
982.9999999999999
2866.5
-15192.6
-55.599999999999966
-4198.9
-14109.3
322.19999999999993
-2473.1
-3223.7
576.0
2774.7999999999997
180.39999999999998
-6105.8
-643.4
-1397.1
2913.6
-981.1
-2383.5
1451.5
4190.0
-5171.7
5715.4
6260.7
2536.1999999999994
2613.4
-6843.5
248.7
-7945.2
1469.9
-1669.6000000000001
-1297.6000000000001
-4661.900000000001
1119.3
-8104.1
-5236.600000000001
1507.3000000000002
1058.8999999999999
-7218.1
-897.1999999999999
-165.1
-3065.8
-4691.700000000001
-2398.7999999999997
-748.9
4725.099999999999
6986.1
-193.2
-4377.1
-146.2
8012.299999999999
-623.7
2921.0000000000005
-1481.8
-4673.1
-3171.7
4321.799999999999
-11829.0
-65098.5
-3935.0
676.1
479.39999999999986
2234.2
549.5999999999999
-4918.799999999999
49.59999999999995
-5495.3
3002.2999999999997
142.2
2945.7
-146.2
-2689.4
-1141.6
18665.5
-7461.900000000001
926.3
433.9
428.5
686.9999999999999
-611.2
-1737.0
-147.10000000000008
-1879.9
107.39999999999986
-2217.7999999999993
1547.4
-1124.8
-14911.4
-2491.3999999999996
7358.1
-7062.000000000001
-46579.0
476.39999999999986
-2464.0
-43.39999999999992
4448.099999999999
2741.3999999999996
459.0
356.29999999999995
1675.8000000000002
3051.2999999999997
-339.09999999999997
-500.19999999999993
-49.19999999999996
-915.3000000000002
-891.4999999999998
265.1
7478.2
-4951.1
-6019.8
-5553.2
-11880.500000000002
-4298.0
5958.099999999999
-883.1999999999998
-264.7999999999999
2976.8
-7110.9
-1859.2
-5961.1
925.8
-614.0
-2297.7
-1421.6999999999998
-570.8000000000001
-4565.0
4317.8
-3183.2999999999997
2614.7999999999997
5427.399999999999
-3553.6999999999994
1072.1
-1851.1
-1442.9
-565.6
-2262.7999999999997
-3168.2000000000003
1215.1
968.4
-807.0
441.19999999999993
8451.400000000001
4987.900000000001
-1143.3000000000002
7572.6
-5368.2
-1252.3999999999999
782.2999999999998
1005.0
-3934.2000000000003
-342.09999999999997
361.69999999999993
1591.8000000000002
-3229.2
-893.5
-10987.699999999999
-492.69999999999993
-2644.1
-0.19999999999997442
32.10000000000002
-1629.7
50.10000000000019
5479.5
-149.20000000000002
-3455.1
-2064.4
-1584.1
-968.3999999999999
-317.7
-3603.6
18036.7
1359.1000000000001
-1083.1999999999998
406.4
102.09999999999997
1102.2999999999997
1069.0
-1564.7
-3809.6000000000004
-3092.4999999999995
-3725.6000000000004
-6136.1
-3242.2000000000003
-5877.700000000001
-3042.7
1584.0000000000002
-8.099999999999994
3327.3999999999996
1043.8999999999999
466.19999999999993
602.8999999999997
-24423.1
-9429.8
-8745.4
-358.9
-2497.7
-2785.4
-6621.4
-1282.3
1862.4
5084.199999999999
5126.099999999999
1538.8000000000002
-4191.5
-3935.7
-2640.5
-3740.3
758.1999999999999
-634.6999999999999
-140.39999999999995
1315.1000000000001
837.6000000000001
-28989.0
-5105.900000000001
-3639.4
-2333.8
183.49999999999997
-13168.6
-2957.3
-706.3
-536.8
893.0
-5866.200000000001
-578.4
-1917.7
-1480.4999999999998
989.9999999999999
5146.099999999999
-333.40000000000003
-685.1999999999999
2802.3
72.5
-1433.7
536.5999999999998
261.59999999999997
-2533.2
-4364.400000000001
-91.39999999999993
-880.2000000000002
-2026.0
5203.799999999999
-777.0999999999999
-4894.8
-1811.8999999999999
212.39999999999992
-7010.000000000001
-7238.2
-3689.8000000000006
-3169.2
2922.7
-731.5000000000001
1268.8000000000004
1335.9
-2202.7
-490.4
5822.0
446.20000000000005
-2355.4
6537.0
-1845.6000000000001
-1479.5000000000005
1715.1000000000001
-2191.5
-4312.2
186.0
6503.4
-838.0000000000005
-3224.2
-342.49999999999994
-2184.6
-830.9999999999999
-4577.699999999999
72.29999999999997
-4507.000000000001
529.6999999999999
-4844.7
-3053.8
5841.299999999999
520.5
-3474.7
474.6000000000001
-125.30000000000004
-4882.3
947.2
-439.19999999999993
1351.4
-6634.1
-1527.3
1735.2000000000003
-8735.400000000001
-680.8000000000002
-1.0
-1492.0
-4979.7
-449.59999999999997
1342.2999999999997
2574.1
-4467.2
562.5999999999999
-899.1
-515.1999999999999
-2650.2
3864.8
19291.2
411.5
-1003.9
95.10000000000002
-252.0
229.39999999999998
-1460.0
1922.1999999999998
-4387.3
19495.4
-1427.4
-11244.400000000001
764.3000000000001
-2533.0
-1621.1000000000001
2320.7
-72070.6
-1070.0
-1160.8999999999999
-5821.999999999999
1081.4
964.8
-1186.6
105.1
3935.2
-2322.3
-1579.6
4755.699999999999
318.29999999999995
-720.0999999999999
-2011.5
302.80000000000007
497.69999999999993
-73.09999999999997
-8845.5
4443.4
-2246.4000000000005
-64.89999999999998
-1212.6000000000001
-1811.8
-788.7
3898.2000000000007
20633.899999999998
-453.2
-91.20000000000002
-1273.7
923.9
3142.7
3059.7999999999993
-1433.3
-5828.400000000001
-1253.4
5069.999999999999
2801.7
-1296.2000000000003
-755.6
320.4
-2127.3999999999996
981.6999999999998
5825.4
-1119.1999999999998
-589.5999999999999
1071.3
-691.5
-1497.3
-726.0
636.0999999999999
742.5
-4787.3
-2217.3
24300.4
-2438.3999999999996
540.4
-734.5000000000001
2328.2
-398.3999999999999
-4446.3
739.1
5954.4
-2720.8999999999996
-503.2
-553.4000000000001
-1909.8999999999999
-7302.3
996.9
-7205.500000000001
4634.699999999999
805.3999999999999
-1077.7
-2793.8999999999996
-921.5
1939.8999999999999
198.39999999999998
5238.0
-56131.40000000001
-309.5
-4980.6
-1877.1000000000001
299.2999999999999
-2409.9
-1684.4
-302.40000000000003
-17889.399999999998
-1069.2
-1.0
-56954.5
2371.3
-3019.7000000000003
-14268.800000000001
-952.8000000000001
-768.4
-1750.6999999999996
-4990.000000000001
-1057.6999999999998
743.1999999999999
3954.7
-9007.800000000001
839.1999999999999
-277.1
-9212.0
611.8000000000002
-5427.700000000001
-10214.599999999999
-10414.4
547.7
-2322.2
286.20000000000005
585.9999999999999
354.3999999999999
-78.30000000000001
2690.8
-1872.2
-7712.7
20286.0
-4842.2
1582.9
-2083.3
-3579.8999999999996
-3881.4
-669.1999999999999
1551.3000000000002
-1670.8
8984.6
-478.19999999999993
-1757.1000000000001
-1839.2
1761.9
1031.4
-4593.0
1281.3999999999999
317.5
-6378.699999999999
1078.0999999999997
-930.4000000000001
2332.0999999999995
-570.7
2260.7000000000003
395.9
2451.5999999999995
-6832.4
-2171.4
-430.5
1271.2999999999997
-4232.8
-830.2
-1132.1999999999998
334.7
-2941.7
3345.8999999999996
-1980.1
-1570.0
-1138.6999999999998
-1269.0
-7160.799999999999
-3370.8
-20782.8
5071.6
-45373.7
382.4
-1194.1
-45228.7
-1106.6
3363.8999999999996
1179.1
5540.0999999999985
3341.3999999999996
-2052.0000000000005
1103.7
-821.6999999999999
-380.40000000000003
-1964.9
-7851.700000000001
-525.1999999999999
977.6999999999999
1542.6000000000001
3099.7
-2444.5
-3800.1000000000004
-2226.6
-1999.1
1578.1
-3720.0000000000005
811.7
6009.699999999999
-1234.8999999999999
-709.1000000000001
234.5
-299.6
-3182.7
1326.7
1025.6999999999998
-9650.4
-35488.8
-1704.1000000000001
2342.7
-3616.7000000000007
366.30000000000007
-550.8
1503.7
-1876.3999999999999
-5574.2
-3204.3
4677.999999999999
-106.70000000000005
-3203.2
1770.4000000000003
-2611.2
3060.2
489.90000000000003
-2723.8
-5483.5
-464.3
-1189.2
737.8000000000001
-5025.699999999999
-7133.0
2280.6
-152.20000000000002
-1336.1999999999998
-173.0
-3532.1
1582.3
18002.199999999997
-4608.1
1315.5000000000002
-8808.099999999999
-4644.0
5585.8
1036.7000000000003
3714.1000000000004
-1327.0
-5015.5
12.499999999999957
-561.3
-5196.900000000001
-4268.700000000001
1389.6999999999998
127.29999999999978
347.7
-496.0000000000001
-1884.2
542.3999999999999
9.700000000000102
788.3
2840.3999999999996
-2731.5
521.2999999999997
-3958.5
231.60000000000002
-3438.2
-534.8000000000001
4657.099999999999
-282.9
-11441.0
579.3999999999999
5152.999999999999
329.60000000000014
1172.5
1777.1000000000001
-1718.3
-1218.7
1178.4
-954.0
4890.4
-4067.2
21521.7
-2097.0000000000005
-4648.8
737.6999999999999
5854.699999999999
-5194.3
-835.8
-6776.9
-273.6
-7331.3
3996.9
-4383.6
4900.4
-402.5999999999999
3737.2000000000007
-1726.4999999999998
-157.59999999999997
-426.3
5771.099999999999
1664.1000000000001
-3180.3999999999996
-825.8000000000001
-2423.7
-1796.3
-2028.0
-5501.599999999999
-66.70000000000002
995.8
-7254.199999999999
-893.1000000000001
-5736.000000000001
-2018.1000000000001
543.3000000000001
470.7
-11751.7
928.4
841.8
-29519.199999999997
998.8
2400.9
-3600.7999999999997
-2447.2000000000003
-1233.6
24663.4
-1195.3
415.19999999999993
-710.0999999999999
-50069.700000000004
1926.4
-3340.0000000000005
-3442.0
-680.4000000000002
2481.3
1082.3999999999999
589.4999999999999
-734.3999999999999
3313.2000000000003
-2493.3999999999996
-596.1999999999999
410.3999999999999
6210.499999999999
1044.7
1238.3000000000002
-1382.3
989.0
-1329.9999999999998
1940.3000000000002
1582.4
-92.90000000000003
-4420.0
133.0
-737.0999999999999
-3827.900000000001
-1002.8999999999999
3729.9000000000005
-2742.5
6162.0999999999985
-1255.6
4524.099999999999
-3016.6000000000004
22.0
-5359.399999999999
-6020.400000000001
5494.099999999999
-2779.1000000000004
20731.7
-55591.4
-17189.7
-393.20000000000005
321.0
-4945.0
4900.499999999999
-156.00000000000003
190.39999999999998
-1876.2
-345.99999999999994
-2324.5
-5844.0
2324.3999999999996
-753.3
3.699999999999953
-4202.9
-372.7
9633.400000000001
-2269.0
-46736.0
-1779.1
-1729.8
-333.69999999999993
-16091.0
-1295.1000000000001
4607.5
-1071.3
1455.6000000000001
5189.599999999999
-2466.3
6617.099999999999
4434.999999999999
808.4
-160.60000000000002
200.39999999999998
-1003.6999999999999
-9564.5
-820.4
-9910.5
-1118.3
-5625.3
-587.8
1829.1000000000001
-1577.9
-1326.6
-48.099999999999966
960.3999999999999
-3389.3
-1939.6
698.0999999999998
-557.5
-682.2
-6247.1
-578.6
-5757.099999999999
-622.6
18524.9
896.3
-767.9999999999999
-7601.0
-3067.5
-1778.3999999999999
-10519.199999999999
-422.7
-9009.8
-13590.099999999999
1179.0
863.1
-4563.0
4745.299999999999
-1440.1999999999998
667.2
-13730.4
4306.4
-325.1
1836.7
5518.1
-3188.9
-1114.3
-640.2
-1185.9999999999998
3010.4999999999995
-696.1999999999999
-4230.7
5622.7
-1342.3
2357.3999999999996
2794.5
-4861.3
918.5999999999999
-254.29999999999995
-708.1999999999999
24.599999999999966
-184.0
-593.3
647.1999999999999
1562.7999999999997
2323.3999999999996
1038.4
840.1
3.0
-2187.0
-1386.6
-7182.499999999999
-2441.1000000000004
-9268.0
-4122.9
425.99999999999994
202.29999999999984
-1116.0
-3009.9
3300.6
446.79999999999995
4867.499999999999
778.1999999999998
1393.3000000000002
2555.4
-2190.1000000000004
5178.1
-2008.4
-2250.7000000000003
2281.5
-3691.5
2034.2000000000003
-2138.1
-33.099999999999966
-5570.4
-1052.6
-4163.799999999999
3997.7
-3156.7000000000003
-2483.7
265.90000000000003
646.9
-58408.60000000001
2247.4
4376.099999999999
1104.1000000000001
-1380.2
-3144.2000000000003
1509.1
1253.0
-2780.3
-1463.4
1521.3
-43696.100000000006
-5112.5
1135.4
-6166.299999999999
158.09999999999997
219.0
147.39999999999998
1485.1
-82073.8
567.4
-2390.2
-6043.599999999999
-2143.5
-3180.5000000000005
2040.3
22067.4
2855.4
-4527.4
-584.9999999999999
8591.9
2052.1000000000004
4676.6
-3271.4
882.8
951.2999999999998
-1361.6
-2777.4
-2998.0
-2410.9
-333.8999999999999
-518.0999999999999
-2926.3
-2790.1000000000004
3282.8999999999996
763.0999999999999
248.90000000000003
-3082.3
-3410.9000000000005
-920.4000000000001
6323.9
458.29999999999995
958.6999999999998
164.59999999999997
5122.0999999999985
255.59999999999997
1936.0000000000002
-217.59999999999997
-8569.400000000001
-850.7
-1681.9999999999998
-2515.8999999999996
3294.8999999999996
5389.299999999999
561.9
-1934.1999999999998
-3697.3
-843.5
-2859.7000000000003
-5450.6
-1327.6000000000001
2570.8999999999996
-522.2
-11222.4
-3240.1000000000004
3275.2
-4136.0
-2476.2
17363.899999999998
-784.0999999999999
-3871.6
5814.1
-3465.4
-862.0
1921.8999999999999
1068.5
4694.299999999999
4649.4
248.9000000000001
5442.099999999999
-4257.2
-5186.000000000001
2715.3
-589.1999999999999
523.5999999999999
590.0999999999999
1952.4
511.70000000000005
-36361.0
5296.099999999999
-6.0
-1578.1000000000001
-2036.6999999999998
-793.2
1123.8000000000002
765.8000000000001
-4198.599999999999
-687.6000000000001
-1476.7
-618.8000000000001
53.10000000000001
819.4999999999999
-5862.0
3250.3999999999996
616.9000000000005
-1669.5999999999997
-1947.8999999999999
5275.099999999999
-4658.099999999999
395.40000000000003
-6433.0
-3013.2
3469.3999999999996
24116.7
3776.5999999999995
-2195.9
1669.0
-6042.0
5258.2
577.6999999999999
-4210.200000000001
797.6999999999999
909.8
-1704.1999999999998
-97.00000000000023
796.9999999999998
19165.000000000004
-6268.4
-1241.4999999999998
-18.299999999999997
-4003.8
4962.5999999999985
1546.3999999999996
4508.299999999999
2014.6
1700.7
-1014.3999999999999
-613.3
-1798.4
4670.4
-1038.0
2765.2000000000003
1101.4
-4537.8
3179.3999999999996
336.4
-1336.7999999999997
-4909.7
177.7
-1397.1
8596.0
250.59999999999997
4782.099999999999
-8976.1
2567.1000000000004
-1828.2
991.5999999999999
-2485.9
-54.10000000000002
5334.099999999999
-4332.1
437.09999999999997
4853.5
4151.099999999999
-2536.5
-140167.5
-8339.0
3456.2999999999997
-146.2
-18.60000000000005
25836.0
-5735.3
402.6
-1342.7
-6584.500000000001
4853.6
-3871.9
-6297.599999999999
-16438.1
-1309.7
-768.2000000000002
5006.3
19103.9
18802.600000000002
3081.2999999999997
-3223.6
-2290.7000000000007
-1773.6000000000001
395.79999999999995
2465.5999999999995
-2528.7
3190.2
-2420.3
5515.9
-472.9
1295.3
2304.5
-108.5
-1317.2
-196.59999999999997
-2529.9000000000005
2510.7
516.0999999999999
-1446.5000000000002
892.3
-4307.9
-856.8999999999999
-2463.6
-651.9
-1565.4
-2693.3
-2423.6999999999994
89.89999999999996
-2732.2999999999997
129.39999999999998
955.6999999999998
-753.3999999999999
4136.3
1910.8000000000002
1934.1999999999996
-305.29999999999995
1632.0
-9907.8
-401.9
3448.7
464.09999999999997
-839.8
270.1
-5599.5
1285.1999999999998
-1796.8999999999999
5016.899999999999
1344.5
-3112.2
4542.1
-1657.1000000000001
1107.3000000000002
-8.300000000000026
5210.099999999999
1438.4
-2135.7
-677.0999999999999
1131.7
416.59999999999997
3162.1999999999994
-109.30000000000001
-1169.6999999999998
13.399999999999999
-952.6
-497.5000000000001
-1415.6999999999998
8512.3
-3243.7999999999997
-68.90000000000009
-4906.7
672.7999999999998
1906.3000000000002
-6114.5
-11172.0
-2379.1000000000004
263.4
2872.4999999999995
642.8
2584.0
-1205.2
-210.59999999999997
-1779.3999999999999
-3487.7000000000003
-1654.2
-2386.7
-15331.799999999997
-6944.900000000001
1187.3999999999999
3580.9
716.6999999999999
-905.3000000000001
-10459.0
4764.299999999999
-6347.6
-6195.6
-4091.7999999999997
4781.0
6405.8
3876.2999999999997
1009.4
998.5
-965.9
4143.5
-1295.1
5532.5
1704.9999999999998
0
-3583.9999999999995
19145.000000000004
-499.90000000000003
320.79999999999995
1579.6999999999998
19768.4
19179.7
-5189.5
1279.6
-2068.8
859.3999999999999
-3350.2999999999997
1972.0000000000002
-2253.2
6608.0
1166.6
956.1999999999999
-2881.1000000000004
1215.6999999999998
2025.7
1543.3
886.9
608.3999999999997
-4381.0
-3549.8999999999996
719.6
-278.79999999999995
-4110.799999999999
-318.9
-8740.600000000002
-2961.5
-9746.899999999998
4387.5
-2406.6
-1453.5
-6825.599999999999
-10458.7
-1826.1999999999998
535.6999999999999
-2629.2999999999997
-1716.0
4006.1
1295.1999999999998
1015.7
-3365.8
-411.99999999999994
-1072.5
-627.6000000000001
6642.299999999999
18158.5
-263.40000000000003
-2404.4000000000005
-3540.0
1692.6000000000001
-799.8999999999999
-19544.8
-3443.3
4070.7999999999997
5446.5
5098.7
-2261.3
307.9
-2202.1
-2951.2
-519.3999999999999
-5960.599999999999
-548.6
-1498.4
-2281.2
-459.9999999999999
-1062.0
7285.4
565.9000000000001
-10389.3
-1426.3
-54875.80000000001
-17727.699999999997
-6162.5
-1.0
-56130.40000000001
12.799999999999983
-2235.6000000000004
563.4000000000001
-585.8999999999999
-607.9
-321.0
-7520.099999999999
2614.2
-556.2
-5362.200000000001
-1874.4999999999998
-1917.8999999999996
-57731.3
-8590.7
-2203.9
-3263.0
-135.8
-101.19999999999997
-132.8
-418.4
-6764.000000000001
-3306.2
-7774.900000000001
-52384.100000000006
1576.2
-8026.300000000001
1366.7
544.9000000000001
1788.5
-958.9000000000001
339.79999999999995
-2.0
-3112.1
1344.7000000000003
-6746.1
-60901.4
-1517.8999999999996
-1.5
-1597.8000000000002
3022.7
-5478.4
-2575.8999999999996
-7031.7
1305.0
1.0
-150.10000000000008
-2653.9
-161.0
-4074.6000000000004
-1692.3999999999999
-3842.5
349.4
1045.6
-2459.7
-2686.3999999999996
-8654.9
1333.4
-5313.4
4615.4
1046.3000000000002
5080.099999999999
2693.3999999999996
22803.000000000004
1487.3
-3417.6
860.9
-19518.8
-1062.8
4515.5
2004.1000000000004
-347.7
-3803.8
-1747.4
989.9999999999998
188.79999999999995
-6993.200000000001
-2918.2000000000003
-4001.0
-101.50000000000004
-516.6
-2341.1
-2701.2000000000003
6974.199999999999
4512.900000000001
-4643.799999999999
-7265.7
-646.3000000000001
-716.3999999999999
494.39999999999986
-1242.1
-2783.8999999999996
-2813.1000000000004
-7912.099999999999
-7853.400000000001
-44608.0
-877.0999999999999
-11595.7
18158.9
-10332.7
-1988.0
-404.59999999999985
794.4000000000001
1878.1999999999998
-9568.5
-7045.200000000001
-9252.1
-3607.2
-2851.2
4924.4
2645.7
-624.8999999999999
-1722.0000000000002
3033.3999999999996
-1326.6000000000001
-342.99999999999994
1104.3
5962.0
2507.6
830.3
1809.1
-5928.3
-668.7
613.2
591.4000000000001
-579.3
-3378.8
-1161.1
-5280.9
-7732.5
-8019.900000000001
-6904.3
6898.799999999999
4302.299999999999
-2779.3999999999996
-9724.4
-1984.5
6606.099999999999
1173.7
-1810.1
3119.0
-1970.0999999999997
-215.79999999999998
2615.7
-1147.6999999999998
-746.1
-7390.1
6072.799999999999
-707.0999999999999
2933.2999999999997
-5451.300000000001
-1380.6999999999998
254.00000000000017
-1666.1
1157.1000000000001
18757.500000000004
3647.2999999999997
112.10000000000002
-7287.1
967.3999999999999
993.4000000000001
4232.100000000001
2179.6000000000004
4468.9
4517.5
-5918.7
-7503.5
38258.600000000006
-3488.7
-63162.900000000016
257.90000000000003
3769.5
1051.6999999999998
-94.99999999999994
2943.3999999999996
-207.3
4900.4
-7437.400000000001
5148.799999999999
1508.4
-5339.799999999999
-550.9000000000001
-73.0
-6151.599999999999
1640.2000000000003
-35141.4
-3259.4
-2063.0
428.49999999999994
-1563.8999999999999
-1661.2
2004.1000000000001
4171.7
1275.1000000000001
-4352.299999999999
-29829.899999999998
-1640.8999999999999
2003.6999999999998
3602.9000000000005
-363.90000000000003
-699.6999999999999
-1248.5
-2096.7
-3620.7
3609.3999999999996
4471.200000000002
-2359.2
19115.7
2003.3
-3373.7000000000007
-11326.1
-914.7
1754.1
2098.7
-1294.3999999999999
5924.800000000001
-64132.3
-3478.7000000000007
685.1
-7083.1
-609.5999999999999
-3519.7000000000003
4557.4
-328.0999999999999
913.7
-2826.1000000000004
-10923.600000000002
-4305.5
-2806.9999999999995
-2894.0
-1984.8999999999996
-27.39999999999999
-3043.2
4620.599999999999
4307.3
-11520.199999999999
5944.2
436.69999999999993
3348.5999999999995
5291.299999999999
-2298.2999999999997
10240.400000000001
-3520.3
-1912.5000000000002
3318.9
-1306.2
770.1
-1412.6
2273.1
620.3999999999999
4191.700000000001
-1141.4
741.4
-2733.2
-4152.099999999999
-1316.1999999999998
-1520.3999999999999
1542.6
-2459.7999999999997
925.7
-418.2
-141.0
-138.89999999999998
-2962.8
91.30000000000007
-184.59999999999997
-693.0000000000001
710.6999999999999
-12717.0
4609.099999999999
-1671.3999999999999
-2891.600000000001
1522.2
-50994.3
-1476.5999999999997
231.39999999999995
-32563.4
102.30000000000004
1477.4000000000003
-606.4999999999999
-4192.4
2131.7
1996.1000000000006
-813.3
-1960.3999999999999
-1625.2
-1088.0
-1338.3999999999999
3919.1
-2183.7
1095.6999999999998
-1667.3999999999999
-64430.0
-2498.9000000000005
-1921.6
-4373.400000000001
599.4
1097.3999999999999
3309.7999999999997
2161.2000000000003
-3715.6
-5690.400000000001
-1000.2000000000002
-103.70000000000005
2673.5
530.9
367.4000000000001
-1674.8999999999999
-2297.6000000000004
-195.70000000000016
1234.0
18860.7
-67.19999999999993
2831.7999999999993
-6721.5
-13200.4
4857.5999999999985
-1.3000000000000185
-1738.3
103.90000000000003
23820.000000000004
-1933.1999999999998
38.0
-214.59999999999997
-9769.7
-24530.899999999994
-2614.6999999999994
-556.5
506.4999999999999
1278.4
-251.90000000000003
-1289.7
-2769.7000000000003
-2943.9
-1330.5
-2066.5
-1086.2
-55495.7
5202.799999999999
-2296.0
-4929.700000000001
-65755.0
20769.8
-2912.7000000000003
1508.4
2072.4
-2089.5
708.3
-166.79999999999995
-1289.8999999999999
-4090.4
-6432.7
973.1999999999999
3229.7999999999997
-1833.1
1014.6000000000001
-1836.9
1106.4
646.6999999999999
603.3
-5780.599999999999
-384.0
-910.2
-2925.0999999999995
1066.8
2068.7999999999997
4752.099999999999
-5808.600000000001
21366.400000000005
960.3999999999999
5917.9
-2083.3
-2130.2999999999997
4555.699999999999
-478.9
-903.2
-13103.1
-233.19999999999993
-2412.5
-2302.1
-3568.3
-2095.6
1298.6
-3172.4000000000005
4719.0
719.3999999999999
214.49999999999994
-6494.6
-2620.6000000000004
-7467.1
-3316.0
-2872.4000000000005
-2688.9999999999995
868.1999999999999
-1450.4
-243.5999999999999
-721.3
-1089.3999999999999
-1871.9
548.7
-830.2
4556.5999999999985
1858.1000000000001
-363.1000000000001
-4886.6
-996.2
-2226.3
18869.4
4859.099999999999
-5307.799999999999
-3270.2000000000003
4354.999999999999
-195.89999999999998
4025.2999999999997
5820.199999999999
18479.7
1193.7
-4450.7
-476.0999999999999
-3962.8
-564.5000000000001
-2130.0
858.3
211.79999999999995
3524.3999999999996
-5021.700000000001
-4008.2999999999997
290.5
1272.6
4323.200000000001
-9078.5
-4899.200000000001
-47800.8
2.100000000000051
-4799.5
-10622.399999999998
1329.3
355.7
24111.2
1738.4
-9189.4
-4387.0
-2813.2
-1967.6
5125.200000000001
194.99999999999994
-208.79999999999995
-4590.5
-105.89999999999998
-14797.399999999998
-1702.4999999999998
-3009.4
757.0999999999999
-7151.8
-4767.4
-6203.000000000001
-5203.300000000001
-283.5
-5391.2
-2118.7
-2604.3999999999996
-4965.4
4813.599999999999
-790.4
6038.199999999998
302.4
-4812.700000000001
4796.4
-2605.3999999999996
-2498.0
-534.1999999999999
-8675.4
2889.8999999999996
-649.1999999999999
4849.099999999999
858.4
-55522.100000000006
-1797.9
-5902.9
-2409.5
-1104.5
-1024.8000000000002
-3026.5
-5611.6
34.19999999999999
-312.50000000000006
-2397.2999999999997
234.60000000000002
-3449.0
-4198.900000000001
-2184.8000000000006
-4445.299999999999
-1028.4
-1949.7
297.7000000000001
2966.1
4262.799999999999
4552.099999999999
-2299.2999999999997
-50.7
-249.19999999999993
7053.4
1820.1000000000001
949.5999999999998
-2374.0
439.09999999999997
732.1999999999997
-6514.400000000001
6056.299999999999
546.3999999999999
652.4000000000001
-4685.5
3282.0
-1865.0
-521.1
-16986.9
1815.8000000000002
-3556.0999999999995
-4659.900000000001
1765.3999999999999
2676.8999999999996
-2305.7
4283.5999999999985
-4844.099999999999
-1326.8000000000002
2696.6999999999994
3047.0
446.19999999999993
-2392.1000000000004
18455.7
1463.3000000000002
-718.0
-292.79999999999995
732.0999999999999
-1575.6
-4881.900000000001
3962.0999999999995
-1081.6
-3123.1
1173.3999999999999
-6584.5
-2737.3999999999996
4967.4
-738.4999999999999
5334.099999999999
-1425.8999999999999
1256.2
-401.9
-2595.0999999999995
1139.6
-2117.8999999999996
-1804.4
2722.0999999999995
-5906.399999999999
-4567.400000000001
2003.3000000000002
-3130.4
-729.4000000000001
1086.6000000000001
4550.4
-8850.2
18840.4
-2283.7000000000003
27.099999999999966
1844.3
-1059.8
-4526.5
4.1000000000000085
-391.99999999999994
-476.2
-4797.3
3057.4000000000005
-4583.5
-4398.999999999999
-690.3
-397.69999999999993
-1118.8000000000002
1361.3
-6490.700000000001
-1784.1
-2538.3
-2026.4
143.5
-97.59999999999997
1376.3
4286.0
-3816.0
1271.4
-1336.5
9.200000000000188
-2329.8
313.0
-1047.7999999999997
-61156.20000000001
-2006.2999999999997
497.4
1772.9
-1394.9
3037.7999999999997
-7158.400000000001
-2509.1
1634.3000000000002
-5016.700000000001
-28.0
-2947.4
1429.1000000000001
-254.29999999999995
7190.299999999999
-1951.1
-1492.5000000000002
6312.5
-3089.2
-3063.2
-24709.0
221.40000000000003
-373.8
21147.500000000004
-1570.1
291.69999999999993
5385.3
-9839.499999999998
-9702.5
573.4
-4104.1
-3360.2
451.7
-319.3
5603.0
5969.999999999999
-1705.5
-2472.7999999999997
-3380.7000000000007
1.2999999999999687
-9387.3
-2976.6
-2213.3
-1976.1000000000001
1891.2
-585.5999999999999
-16048.399999999998
-2235.8999999999996
-965.6
-10016.0
-1288.4
1921.3
-59761.3
41.699999999999974
-189.1
223.39999999999998
754.4999999999998
24778.500000000004
959.9
-548.5
-38.30000000000009
-14056.400000000001
969.1
-518.3000000000001
-6346.0
-2931.8
740.2999999999998
3624.5
-13712.400000000001
133.39999999999998
-6190.5
146.39999999999998
-1017.0
-265.79999999999995
1436.3
862.3999999999999
1005.3
1877.7
-2126.0
-6719.100000000001
533.3
548.2999999999998
-1512.1
2172.4
592.5
3352.0
-891.0
1206.9
-2086.4
-2026.2
1167.4999999999998
-13738.6
-60.00000000000002
4434.099999999999
-1257.9
-4189.1
-2111.2999999999997
-10280.2
-3677.500000000001
-4806.0
-1843.6
-141.0
2371.7
-349.3
-2979.9000000000005
-1260.2
1224.6000000000001
-2620.2
-1924.8999999999999
-609.0999999999999
-10452.5
-3549.0
-1667.3999999999999
-1977.1999999999998
30.0
-4713.2
-3244.1
170.39999999999998
667.4
1395.1000000000001
-6131.800000000001
-3978.1
5376.7
-8171.4
-1847.1999999999998
-2662.6
-9923.5
-3090.9
-1426.8
19471.600000000002
-1971.1
-3514.9000000000005
3356.7000000000003
982.3
180.69999999999993
-233.79999999999995
852.4
231.59999999999997
438.69999999999993
-520.5
3135.1
-2299.6
459.69999999999993
-58283.30000000001
-19301.600000000002
-22.60000000000001
960.1999999999999
2035.6999999999998
596.2
-1460.3
184.60000000000002
8658.3
-75.89999999999998
-2803.1000000000004
-3054.1000000000004
-633.3000000000001
-930.1
-7160.100000000001
1285.6000000000001
-322.0
5829.799999999999
1250.7
-530.4
-1130.1999999999998
-3430.6
-1882.8000000000002
361.6000000000001
7197.2
2465.5
-15477.7
-84.29999999999997
-2007.0
2630.5
4236.099999999999
-7712.7
-257.40000000000003
-11865.7
167.19999999999996
-7121.700000000001
143.39999999999992
1526.5999999999997
4945.6
2216.8999999999996
-11814.5
-1574.1000000000001
-2389.600000000001
-4078.8999999999996
833.6999999999999
-7145.900000000001
-22571.7
151.2
-1922.6000000000001
-1547.8
-4331.8
1430.0
-1955.3
-13102.1
5458.0999999999985
-5790.5
-3846.7
-2252.7999999999997
-437.30000000000007
-108.0
-1537.5
-2549.4
4796.099999999999
2029.6000000000001
-3578.7
1855.7
5404.099999999999
-4106.200000000001
-1610.6000000000001
-1172.8
199.59999999999997
-13369.099999999999
-3057.3999999999996
-492.2
3888.0999999999995
-3406.7000000000003
-6780.5
-737.1000000000001
-2042.8
645.2
-5902.0
1825.7
-199.09999999999994
1065.1999999999998
4662.799999999999
-7817.1
1374.3
2397.2
-65227.40000000001
5501.399999999999
-1822.8
-359.3999999999999
-741.8
-1812.5
-14727.399999999998
-1212.4
4964.099999999999
-63787.30000000001
1028.0
-577.7
0
-1330.3999999999999
48.7
-849.0000000000001
-3308.8999999999996
-4233.0
-2816.0
-7537.4
560.6999999999998
-320.4000000000001
-6095.3
19135.600000000002
-1230.0
-3403.5000000000005
-2244.4
4563.099999999999
80.09999999999997
-2472.3
2168.5
6270.700000000001
7582.000000000001
1517.1
1995.0000000000005
-3157.9
2956.6
-3170.6000000000004
1772.2
-583.9
1452.8999999999999
-233.0
-4711.3
-6536.200000000001
3288.2999999999997
-609.5
5100.0
-1633.5
-857.7
-1712.9
-4430.1
-1322.8
1851.8
-2656.1
-1966.6
-96.09999999999995
-1871.4
-6479.4000000000015
-1131.5
4344.299999999999
1770.2
13361.800000000001
-1.0
-4096.3
-3942.5
1141.7
-612.5
6506.5
216.7
-2092.1
1275.1
-74.39999999999995
1137.9
2022.2999999999997
-2079.8
1862.5000000000002
1648.4
1031.3
1534.4
-1342.0
4429.099999999999
-549.0000000000001
-1490.2
490.69999999999993
6891.999999999999
-3054.2000000000003
-16.500000000000114
-1982.6999999999998
-306.59999999999997
-1196.3999999999999
-79.29999999999998
-1108.9999999999998
-2667.7999999999997
-3388.7
-3112.8
757.9999999999998
-19339.399999999998
-596.5999999999999
-2244.4
-5739.699999999999
5316.099999999999
-986.5
-2246.7
-3940.4
3590.6
-346.0999999999999
-7958.800000000001
3561.3999999999996
-1404.3
-3884.8
-238.10000000000002
18905.4
-1043.6
-49882.4
104.39999999999996
823.3999999999997
-1205.7
-698.6
-4188.5
4854.099999999999
-6111.0
2211.9999999999995
5172.7
-340.99999999999994
-1530.9
-2248.4
-7659.700000000001
3264.100000000001
-2226.4999999999995
18637.9
-1932.3
-6548.1
-1400.4
992.8
-2541.5
668.3
-9831.8
-862.6999999999999
-7740.099999999999
-7211.599999999999
-888.8
-1784.9
5378.4
1254.4
1142.9
-873.4
-114.30000000000001
-1759.3
5661.9
-2097.5
4354.8
-3988.8999999999996
3744.2999999999997
1087.3
-6735.800000000001
-2323.2
-397.5
-14716.4
-3999.0
1807.1999999999998
-4048.0
-2029.6999999999998
1190.7000000000003
4816.099999999999
-2444.0999999999995
-133840.1
835.5999999999999
-1584.9
-798.7
-1834.6
-1547.9999999999998
